solid Part 1. STL generated by ONSHAPE BY PTC INC, 1.212. Units = meters
   facet normal 1.82732e-16 -1 0
      outer loop
         vertex -0.00224264 -0.037973 0.10795
         vertex -0.00224264 -0.037973 0
         vertex 0.00224264 -0.037973 0
      endloop
   endfacet
   facet normal 1.82732e-16 -1 0
      outer loop
         vertex 0.00224264 -0.037973 0
         vertex 0.00224264 -0.037973 0.10795
         vertex -0.00224264 -0.037973 0.10795
      endloop
   endfacet
   facet normal 1.82732e-16 -1 0
      outer loop
         vertex 0.00224264 -0.037973 0.10795
         vertex 0.00224264 -0.037973 0
         vertex 0.0159161 -0.0352532 0
      endloop
   endfacet
   facet normal 0.382683 -0.92388 0
      outer loop
         vertex 0.0159161 -0.0352532 0.10795
         vertex 0.0159161 -0.0352532 0
         vertex 0.0275078 -0.0275078 0
      endloop
   endfacet
   facet normal 0.707107 -0.707107 0
      outer loop
         vertex 0.0275078 -0.0275078 0.10795
         vertex 0.0275078 -0.0275078 0
         vertex 0.0352532 -0.0159161 0
      endloop
   endfacet
   facet normal 0.92388 -0.382683 0
      outer loop
         vertex 0.0352532 -0.0159161 0.10795
         vertex 0.0352532 -0.0159161 0
         vertex 0.037973 -0.00224264 0
      endloop
   endfacet
   facet normal 1 -2.44929e-16 0
      outer loop
         vertex 0.037973 -0.00224264 0
         vertex 0.037973 -0.00224264 0.10795
         vertex 0.0352532 -0.0159161 0.10795
      endloop
   endfacet
   facet normal 0.92388 -0.382683 0
      outer loop
         vertex 0.0352532 -0.0159161 0
         vertex 0.0352532 -0.0159161 0.10795
         vertex 0.0275078 -0.0275078 0.10795
      endloop
   endfacet
   facet normal 0.707107 -0.707107 0
      outer loop
         vertex 0.0275078 -0.0275078 0
         vertex 0.0275078 -0.0275078 0.10795
         vertex 0.0159161 -0.0352532 0.10795
      endloop
   endfacet
   facet normal 0.382683 -0.92388 0
      outer loop
         vertex 0.0159161 -0.0352532 0
         vertex 0.0159161 -0.0352532 0.10795
         vertex 0.00224264 -0.037973 0.10795
      endloop
   endfacet
   facet normal 1 -2.44929e-16 0
      outer loop
         vertex 0.037973 -0.00224264 0.10795
         vertex 0.037973 -0.00224264 0
         vertex 0.037973 0.00224264 0
      endloop
   endfacet
   facet normal 1 -2.44929e-16 0
      outer loop
         vertex 0.037973 0.00224264 0
         vertex 0.037973 0.00224264 0.10795
         vertex 0.037973 -0.00224264 0.10795
      endloop
   endfacet
   facet normal -6.12323e-17 1 0
      outer loop
         vertex 0.00224264 0.037973 0
         vertex 0.00224264 0.037973 0.10795
         vertex 0.0159161 0.0352532 0.10795
      endloop
   endfacet
   facet normal 0.382683 0.92388 0
      outer loop
         vertex 0.0159161 0.0352532 0
         vertex 0.0159161 0.0352532 0.10795
         vertex 0.0275078 0.0275078 0.10795
      endloop
   endfacet
   facet normal 0.707107 0.707107 0
      outer loop
         vertex 0.0275078 0.0275078 0
         vertex 0.0275078 0.0275078 0.10795
         vertex 0.0352532 0.0159161 0.10795
      endloop
   endfacet
   facet normal 0.92388 0.382683 0
      outer loop
         vertex 0.0352532 0.0159161 0
         vertex 0.0352532 0.0159161 0.10795
         vertex 0.037973 0.00224264 0.10795
      endloop
   endfacet
   facet normal 1 1.22465e-16 0
      outer loop
         vertex 0.037973 0.00224264 0.10795
         vertex 0.037973 0.00224264 0
         vertex 0.0352532 0.0159161 0
      endloop
   endfacet
   facet normal 0.92388 0.382683 0
      outer loop
         vertex 0.0352532 0.0159161 0.10795
         vertex 0.0352532 0.0159161 0
         vertex 0.0275078 0.0275078 0
      endloop
   endfacet
   facet normal 0.707107 0.707107 0
      outer loop
         vertex 0.0275078 0.0275078 0.10795
         vertex 0.0275078 0.0275078 0
         vertex 0.0159161 0.0352532 0
      endloop
   endfacet
   facet normal 0.382683 0.92388 0
      outer loop
         vertex 0.0159161 0.0352532 0.10795
         vertex 0.0159161 0.0352532 0
         vertex 0.00224264 0.037973 0
      endloop
   endfacet
   facet normal -1.82732e-16 1 0
      outer loop
         vertex 0.00224264 0.037973 0.10795
         vertex 0.00224264 0.037973 0
         vertex -0.00224264 0.037973 0
      endloop
   endfacet
   facet normal -1.82732e-16 1 0
      outer loop
         vertex -0.00224264 0.037973 0
         vertex -0.00224264 0.037973 0.10795
         vertex 0.00224264 0.037973 0.10795
      endloop
   endfacet
   facet normal 0 0 1
      outer loop
         vertex -0.00224264 0.037973 0.10795
         vertex -0.037973 -0.00224264 0.10795
         vertex -0.0352532 -0.0159161 0.10795
      endloop
   endfacet
   facet normal 0 0 1
      outer loop
         vertex 0.00224264 -0.037973 0.10795
         vertex 0.0275078 0.0275078 0.10795
         vertex 0.0159161 0.0352532 0.10795
      endloop
   endfacet
   facet normal 0 0 1
      outer loop
         vertex 0.00224264 -0.037973 0.10795
         vertex 0.037973 0.00224264 0.10795
         vertex 0.0352532 0.0159161 0.10795
      endloop
   endfacet
   facet normal 0 0 1
      outer loop
         vertex 0.037973 -0.00224264 0.10795
         vertex 0.00224264 -0.037973 0.10795
         vertex 0.0159161 -0.0352532 0.10795
      endloop
   endfacet
   facet normal 0 0 1
      outer loop
         vertex -0.0352532 -0.0159161 0.10795
         vertex -0.0275078 -0.0275078 0.10795
         vertex -0.00224264 0.037973 0.10795
      endloop
   endfacet
   facet normal 0 0 1
      outer loop
         vertex -0.00224264 0.037973 0.10795
         vertex -0.0275078 0.0275078 0.10795
         vertex -0.0352532 0.0159161 0.10795
      endloop
   endfacet
   facet normal 0 0 1
      outer loop
         vertex 0.0352532 0.0159161 0.10795
         vertex 0.0275078 0.0275078 0.10795
         vertex 0.00224264 -0.037973 0.10795
      endloop
   endfacet
   facet normal 0 0 1
      outer loop
         vertex 0.0159161 -0.0352532 0.10795
         vertex 0.0275078 -0.0275078 0.10795
         vertex 0.037973 -0.00224264 0.10795
      endloop
   endfacet
   facet normal 0 0 1
      outer loop
         vertex -0.0275078 -0.0275078 0.10795
         vertex -0.0159161 -0.0352532 0.10795
         vertex -0.00224264 0.037973 0.10795
      endloop
   endfacet
   facet normal 0 0 1
      outer loop
         vertex -0.00224264 0.037973 0.10795
         vertex -0.0159161 0.0352532 0.10795
         vertex -0.0275078 0.0275078 0.10795
      endloop
   endfacet
   facet normal 0 0 1
      outer loop
         vertex 0.0159161 0.0352532 0.10795
         vertex 0.00224264 0.037973 0.10795
         vertex 0.00224264 -0.037973 0.10795
      endloop
   endfacet
   facet normal 0 0 1
      outer loop
         vertex 0.0275078 -0.0275078 0.10795
         vertex 0.0352532 -0.0159161 0.10795
         vertex 0.037973 -0.00224264 0.10795
      endloop
   endfacet
   facet normal 0 0 1
      outer loop
         vertex -0.0159161 -0.0352532 0.10795
         vertex -0.00224264 -0.037973 0.10795
         vertex -0.00224264 0.037973 0.10795
      endloop
   endfacet
   facet normal 0 0 1
      outer loop
         vertex -0.0352532 0.0159161 0.10795
         vertex -0.037973 0.00224264 0.10795
         vertex -0.00224264 0.037973 0.10795
      endloop
   endfacet
   facet normal 0 0 1
      outer loop
         vertex 0.037973 -0.00224264 0.10795
         vertex 0.037973 0.00224264 0.10795
         vertex 0.00224264 -0.037973 0.10795
      endloop
   endfacet
   facet normal 0 0 1
      outer loop
         vertex -0.037973 0.00224264 0.10795
         vertex -0.037973 -0.00224264 0.10795
         vertex -0.00224264 0.037973 0.10795
      endloop
   endfacet
   facet normal 0 0 1
      outer loop
         vertex -0.00224264 -0.037973 0.10795
         vertex 0.00224264 -0.037973 0.10795
         vertex -0.00224264 0.037973 0.10795
      endloop
   endfacet
   facet normal 0 0 1
      outer loop
         vertex 0.00224264 0.037973 0.10795
         vertex -0.00224264 0.037973 0.10795
         vertex 0.00224264 -0.037973 0.10795
      endloop
   endfacet
   facet normal 0 0 -1
      outer loop
         vertex -0.00224264 -0.037973 0
         vertex -0.037973 0.00224264 0
         vertex -0.0352532 0.0159161 0
      endloop
   endfacet
   facet normal 0 0 -1
      outer loop
         vertex 0.00224264 0.037973 0
         vertex 0.037973 -0.00224264 0
         vertex 0.0352532 -0.0159161 0
      endloop
   endfacet
   facet normal 0 0 -1
      outer loop
         vertex -0.0352532 0.0159161 0
         vertex -0.0275078 0.0275078 0
         vertex -0.00224264 -0.037973 0
      endloop
   endfacet
   facet normal 0 0 -1
      outer loop
         vertex -0.037973 -0.00224264 0
         vertex -0.00224264 -0.037973 0
         vertex -0.0159161 -0.0352532 0
      endloop
   endfacet
   facet normal 0 0 -1
      outer loop
         vertex 0.0352532 -0.0159161 0
         vertex 0.0275078 -0.0275078 0
         vertex 0.00224264 0.037973 0
      endloop
   endfacet
   facet normal 0 0 -1
      outer loop
         vertex 0.00224264 0.037973 0
         vertex 0.0275078 0.0275078 0
         vertex 0.0352532 0.0159161 0
      endloop
   endfacet
   facet normal 0 0 -1
      outer loop
         vertex -0.0275078 0.0275078 0
         vertex -0.0159161 0.0352532 0
         vertex -0.00224264 -0.037973 0
      endloop
   endfacet
   facet normal 0 0 -1
      outer loop
         vertex -0.0159161 -0.0352532 0
         vertex -0.0275078 -0.0275078 0
         vertex -0.037973 -0.00224264 0
      endloop
   endfacet
   facet normal 0 0 -1
      outer loop
         vertex 0.0275078 -0.0275078 0
         vertex 0.0159161 -0.0352532 0
         vertex 0.00224264 0.037973 0
      endloop
   endfacet
   facet normal 0 0 -1
      outer loop
         vertex 0.00224264 0.037973 0
         vertex 0.0159161 0.0352532 0
         vertex 0.0275078 0.0275078 0
      endloop
   endfacet
   facet normal 0 0 -1
      outer loop
         vertex -0.0159161 0.0352532 0
         vertex -0.00224264 0.037973 0
         vertex -0.00224264 -0.037973 0
      endloop
   endfacet
   facet normal 0 0 -1
      outer loop
         vertex -0.0275078 -0.0275078 0
         vertex -0.0352532 -0.0159161 0
         vertex -0.037973 -0.00224264 0
      endloop
   endfacet
   facet normal 0 0 -1
      outer loop
         vertex 0.0159161 -0.0352532 0
         vertex 0.00224264 -0.037973 0
         vertex 0.00224264 0.037973 0
      endloop
   endfacet
   facet normal 0 0 -1
      outer loop
         vertex 0.0352532 0.0159161 0
         vertex 0.037973 0.00224264 0
         vertex 0.00224264 0.037973 0
      endloop
   endfacet
   facet normal 0 0 -1
      outer loop
         vertex -0.037973 -0.00224264 0
         vertex -0.037973 0.00224264 0
         vertex -0.00224264 -0.037973 0
      endloop
   endfacet
   facet normal 0 0 -1
      outer loop
         vertex 0.037973 0.00224264 0
         vertex 0.037973 -0.00224264 0
         vertex 0.00224264 0.037973 0
      endloop
   endfacet
   facet normal 0 0 -1
      outer loop
         vertex 0.00224264 -0.037973 0
         vertex -0.00224264 -0.037973 0
         vertex 0.00224264 0.037973 0
      endloop
   endfacet
   facet normal 0 0 -1
      outer loop
         vertex -0.00224264 0.037973 0
         vertex 0.00224264 0.037973 0
         vertex -0.00224264 -0.037973 0
      endloop
   endfacet
   facet normal -1 0 0
      outer loop
         vertex -0.037973 -0.00224264 0
         vertex -0.037973 -0.00224264 0.10795
         vertex -0.037973 0.00224264 0.10795
      endloop
   endfacet
   facet normal -1 0 0
      outer loop
         vertex -0.037973 0.00224264 0.10795
         vertex -0.037973 0.00224264 0
         vertex -0.037973 -0.00224264 0
      endloop
   endfacet
   facet normal -1.60812e-16 1 0
      outer loop
         vertex -0.00224264 0.037973 0.10795
         vertex -0.00224264 0.037973 0
         vertex -0.0159161 0.0352532 0
      endloop
   endfacet
   facet normal -0.382683 0.92388 0
      outer loop
         vertex -0.0159161 0.0352532 0.10795
         vertex -0.0159161 0.0352532 0
         vertex -0.0275078 0.0275078 0
      endloop
   endfacet
   facet normal -0.707107 0.707107 0
      outer loop
         vertex -0.0275078 0.0275078 0.10795
         vertex -0.0275078 0.0275078 0
         vertex -0.0352532 0.0159161 0
      endloop
   endfacet
   facet normal -0.92388 0.382683 0
      outer loop
         vertex -0.0352532 0.0159161 0.10795
         vertex -0.0352532 0.0159161 0
         vertex -0.037973 0.00224264 0
      endloop
   endfacet
   facet normal -1 1.22465e-16 0
      outer loop
         vertex -0.037973 0.00224264 0
         vertex -0.037973 0.00224264 0.10795
         vertex -0.0352532 0.0159161 0.10795
      endloop
   endfacet
   facet normal -0.92388 0.382683 0
      outer loop
         vertex -0.0352532 0.0159161 0
         vertex -0.0352532 0.0159161 0.10795
         vertex -0.0275078 0.0275078 0.10795
      endloop
   endfacet
   facet normal -0.707107 0.707107 0
      outer loop
         vertex -0.0275078 0.0275078 0
         vertex -0.0275078 0.0275078 0.10795
         vertex -0.0159161 0.0352532 0.10795
      endloop
   endfacet
   facet normal -0.382683 0.92388 0
      outer loop
         vertex -0.0159161 0.0352532 0
         vertex -0.0159161 0.0352532 0.10795
         vertex -0.00224264 0.037973 0.10795
      endloop
   endfacet
   facet normal 1.83697e-16 -1 0
      outer loop
         vertex -0.00224264 -0.037973 0
         vertex -0.00224264 -0.037973 0.10795
         vertex -0.0159161 -0.0352532 0.10795
      endloop
   endfacet
   facet normal -0.382683 -0.92388 0
      outer loop
         vertex -0.0159161 -0.0352532 0
         vertex -0.0159161 -0.0352532 0.10795
         vertex -0.0275078 -0.0275078 0.10795
      endloop
   endfacet
   facet normal -0.707107 -0.707107 0
      outer loop
         vertex -0.0275078 -0.0275078 0
         vertex -0.0275078 -0.0275078 0.10795
         vertex -0.0352532 -0.0159161 0.10795
      endloop
   endfacet
   facet normal -0.92388 -0.382683 0
      outer loop
         vertex -0.0352532 -0.0159161 0
         vertex -0.0352532 -0.0159161 0.10795
         vertex -0.037973 -0.00224264 0.10795
      endloop
   endfacet
   facet normal -1 -2.44929e-16 0
      outer loop
         vertex -0.037973 -0.00224264 0.10795
         vertex -0.037973 -0.00224264 0
         vertex -0.0352532 -0.0159161 0
      endloop
   endfacet
   facet normal -0.92388 -0.382683 0
      outer loop
         vertex -0.0352532 -0.0159161 0.10795
         vertex -0.0352532 -0.0159161 0
         vertex -0.0275078 -0.0275078 0
      endloop
   endfacet
   facet normal -0.707107 -0.707107 0
      outer loop
         vertex -0.0275078 -0.0275078 0.10795
         vertex -0.0275078 -0.0275078 0
         vertex -0.0159161 -0.0352532 0
      endloop
   endfacet
   facet normal -0.382683 -0.92388 0
      outer loop
         vertex -0.0159161 -0.0352532 0.10795
         vertex -0.0159161 -0.0352532 0
         vertex -0.00224264 -0.037973 0
      endloop
   endfacet
endsolid Part 1. Units = meters